0
0
0
0
0.0899756
2.28083
13.7543
4.95761
3.09328
2.55153
9.82373
6.81173
8.51849
5.18418
3.47661
2.57352
2.97673
13.9706
34.3132
26.222
18.6435
18.1642
14.7932
11.6365
9.08504
7.07569
5.51863
4.32287
3.4083
2.71
2.28239
2.78343
2.24166
1.81931
1.49912
1.32403
2.04474
4.30391
4.85327
3.36457
2.54502
2.02545
1.64664
1.35799
1.89801
13.1957
53.6703
44.5798
34.3238
23.6752
18.0076
16.3083
14.8258
12.2168
14.6918
24.5704
18.9727
14.8143
11.6792
9.28966
9.28711
25.2843
25.3958
18.3582
14.0624
11.0402
8.73385
6.95246
5.58111
4.5286
3.75501
4.0676
8.98502
6.01255
4.64113
6.48842
21.6018
26.1782
26.2661
19.4831
15.3669
14.9597
14.4593
25.301
19.6438
15.4438
12.2595
9.7542
7.79875
6.31136
7.05656
27.9548
67.4562
46.9494
29.3274
22.2556
17.4863
13.6839
10.8283
8.80544
13.4084
61.3956
104.699
56.7146
34.067
24.3136
18.6332
14.6917
12.3238
10.2759
9.25076
15.7177
11.749
17.386
13.4195
10.6761
11.7107
45.0797
106.378
62.224
46.0778
35.2827
29.7136
23.4207
18.5517
14.7656
11.8295
10.1074
14.2235
24.0354
42.5887
32.5329
26.8303
20.6298
16.4926
14.8539
11.7956
9.51086
7.79549
6.65372
12.2493
61.2741
93.5874
47.9889
31.0785
25.9895
60.9176
136.51
74.2534
43.2247
30.4089
23.2656
18.3173
14.621
16.5128
53.8146
27.507
23.7296
19.4733
27.9389
22.6488
21.9587
17.8174
14.4357
11.7498
10.2895
29.9814
164.429
125.394
59.6946
36.4341
29.2251
35.5123
26.4455
20.5543
16.4012
14.3924
23.1085
28.3741
22.0987
16.9011
14.6906
19.5485
39.9076
124.565
75.3356
43.7618
32.4621
25.1594
23.6393
29.5631
23.3945
18.7279
15.1593
12.3658
10.8105
14.4005
10.1304
7.9374
6.65189
5.7438
5.05288
4.52997
4.23456
4.20105
12.8524
60.4378
23.8342
11.4144
7.74053
7.3302
7.86412
6.38219
5.38378
4.66038
4.10206
3.79561
4.92756
7.10324
5.06636
4.08531
3.57374
3.20483
2.91711
2.68862
2.50506
2.39809
2.63933
2.39984
2.23664
2.11616
2.0182
2.09818
3.42744
2.75536
2.29884
2.07869
2.06276
3.01556
4.32493
21.511
20.3823
31.339
34.2409
152.565
80.1626
43.7869
52.0128
40.2675
28.879
22.0344
17.2416
13.6313
10.8681
8.75055
7.14606
6.06143
5.24708
5.89877
5.13839
4.20481
3.59027
3.4364
5.60719
4.18962
3.4356
2.98014
2.65071
2.41074
2.20423
2.03806
1.90398
1.89654
2.68054
2.2064
1.95106
1.79547
1.67982
1.5868
1.50991
1.44533
1.39025
1.34254
1.30055
1.26304
1.22904
1.26534
4.45934
26.2873
10.4834
4.52494
2.81468
2.20231
1.87801
1.65521
1.48639
1.35436
1.24964
5.83153
45.0708
19.7559
9.54924
6.19379
4.76736
3.82404
3.12602
2.59227
2.42628
4.44905
5.28572
4.11281
6.05311
5.65553
4.315
3.44333
2.95267
3.84474
4.83384
3.79982
3.06607
2.5288
2.11535
1.79436
1.54521
1.35166
1.20082
1.08265
0.989415
0.91522
0.855565
0.807026
0.767
0.733508
0.705042
0.680456
0.658878
0.639644
0.622249
0.606306
0.591521
0.57767
0.564581
0.552123
0.540193
0.528716
0.517629
0.506887
0.496453
0.486299
0.476403
0.466745
0.457311
0.44809
0.439114
0.668043
3.25512
6.99099
3.32566
2.02115
1.89958
1.75265
3.83466
3.78888
2.49898
1.86063
1.48311
1.21567
1.01353
0.858192
0.738238
0.645276
0.742854
2.45188
4.46406
3.74037
3.04345
2.38576
1.94669
4.51766
23.5132
13.9529
8.78855
6.80053
6.09692
4.90639
3.9061
3.16465
2.54071
2.04807
1.66625
1.37222
1.14612
0.972054
0.83859
0.853781
1.81039
2.07415
2.10219
2.91101
2.43052
2.01151
2.27494
4.48865
10.8982
8.75837
8.32807
12.6835
10.8382
11.1911
24.5791
19.4287
25.4472
32.8917
37.1258
29.7519
22.2946
25.1517
76.0357
53.8729
34.9204
28.7583
22.4023
18.1375
19.8727
19.7998
16.0146
13.8648
13.1383
10.7378
8.66768
7.01407
5.7217
4.72182
4.34797
7.20516
5.58718
9.05016
46.9922
28.0854
21.733
19.0935
14.884
11.7561
9.37106
7.72398
8.7231
14.4814
21.6536
28.6784
21.5021
19.3236
15.7214
14.4627
11.7779
9.52333
7.88864
8.6573
26.6543
19.9419
14.5433
11.342
9.32876
9.14467
11.2384
42.6541
36.0742
63.7823
38.8992
27.167
20.7018
16.2378
12.9918
13.8057
40.8703
24.575
22.3095
35.699
25.8784
19.8128
15.6518
12.4926
10.0484
11.6427
40.7874
32.031
21.4507
23.2646
44.9839
35.8387
25.8185
19.8445
15.6665
12.5095
10.0859
8.22409
6.79444
5.69578
4.85557
4.25421
3.744
3.7163
6.60223
4.57168
3.634
3.1574
2.83886
4.82404
24.4697
21.3017
10.6915
6.92039
5.35418
4.43025
7.9841
43.3382
23.7342
19.2406
14.6081
11.5833
9.52315
7.71656
9.18771
38.1982
71.105
38.6465
25.2178
18.813
15.1616
16.7955
31.6684
143.065
64.4552
35.2807
24.3531
18.5131
14.5391
11.5837
9.66446
10.7499
8.14501
8.36588
7.89518
21.3718
32.5702
21.873
42.6245
48.3048
180.827
83.5703
44.4651
30.0094
22.6089
17.6771
14.0371
11.2748
9.16428
7.54783
6.30734
5.35302
4.61651
4.04578
3.60127
3.25292
2.97785
2.75868
2.58221
2.43837
2.31954
2.2199
2.13503
2.06158
2.30001
4.77814
2.94217
2.32998
2.06714
1.93874
1.85171
1.87324
4.39756
19.2255
10.0364
4.69934
4.16383
12.6769
6.65264
7.69449
10.8862
9.40997
6.25718
4.76431
3.88773
3.26443
2.79064
2.42429
2.13938
2.27635
5.4533
6.11607
3.79642
2.86492
2.54062
3.57712
2.76347
2.29157
1.98606
1.75871
1.82031
3.70087
2.47866
1.93448
1.66246
1.48206
1.34544
1.2377
1.2305
1.8574
4.14804
27.6682
36.558
16.605
14.702
13.7441
11.3093
8.97312
7.13038
5.68699
4.5667
4.27054
9.55633
17.0515
19.7801
14.3023
10.9978
8.72532
7.39277
6.44151
6.41381
11.4692
9.33614
16.2468
13.0542
10.4367
8.35163
6.68167
5.36841
4.35007
3.56572
2.96277
2.49895
2.14134
1.86467
1.64964
1.48156
1.34926
1.26688
1.38206
1.32413
1.6923
1.44424
1.59102
4.09985
2.55346
1.89162
1.57848
1.3778
1.22827
1.11166
1.01939
0.945692
1.00146
1.94181
1.4444
1.1905
1.04964
2.26931
17.4219
45.0809
21.3501
11.2879
7.64319
5.79721
4.55981
3.63984
2.93858
2.40142
2.33344
8.0368
32.8462
20.6417
13.7672
10.2814
7.99132
6.29093
4.99148
3.99547
3.2325
2.64798
2.19968
1.85514
1.5896
1.38419
1.22455
1.09978
1.00157
0.923609
0.861113
0.810433
0.768797
0.734096
1.68629
10.0116
5.3961
3.10516
2.45159
3.77445
2.91209
2.9512
6.66074
4.59842
3.46275
2.75812
2.24265
1.84697
1.5413
1.44252
2.45764
3.85403
20.1493
15.1816
13.561
10.822
11.6501
17.3112
39.3298
26.5694
19.8436
15.1818
11.8593
9.97451
9.92016
7.98703
6.38135
5.12351
4.17913
3.42161
2.83108
2.56046
4.08012
7.59817
25.0308
20.4146
16.2922
26.6328
29.2665
25.9269
22.2391
17.2891
13.6526
11.1192
9.61448
8.10517
6.67453
6.00513
5.33292
5.53131
14.2073
11.4714
9.45227
10.3963
13.2882
11.2385
12.1481
30.557
27.9246
29.5284
22.338
17.3724
13.7533
11.4428
9.18775
7.38933
5.99848
4.92735
4.1034
3.46912
3.27366
6.04008
15.095
55.8078
30.2997
19.7394
16.8454
21.3855
36.2454
29.4756
36.7828
32.3322
25.4501
29.7051
32.3508
31.881
26.1081
27.1264
24.8162
19.5113
15.444
12.3238
10.6453
17.1138
30.6133
22.1952
19.4333
24.1504
25.1666
43.284
54.9662
37.1731
33.8951
28.5243
22.3779
17.7227
14.1538
11.4588
11.2264
24.2976
17.7044
13.5593
15.5125
39.7318
58.7883
43.7762
30.2765
25.8105
26.7024
41.7317
66.3438
160.674
89.4695
50.5492
34.9052
26.5234
20.8312
16.6037
13.5141
12.1759
12.0073
27.0504
30.0765
21.5878
18.5052
18.791
15.4558
14.5878
25.3812
42.9295
38.3956
37.4998
28.0752
22.2037
20.1403
16.2992
13.1635
10.7673
8.92021
7.49405
6.3925
11.1051
70.0393
146.622
74.3326
113.507
88.939
66.2238
44.6565
37.6259
68.354
55.6074
37.6756
28.8853
28.2604
21.8552
17.9236
19.4647
14.8797
12.9678
19.9827
17.0276
34.2639
76.0718
50.2713
35.5567
50.244
41.7877
38.5958
32.0621
48.6553
48.1267
36.0627
41.3931
37.1321
28.606
22.6163
18.1784
14.7705
12.217
10.8531
9.09503
7.7563
6.72999
5.93275
5.31192
8.39267
37.9429
24.8233
68.0035
40.0371
31.334
41.8052
30.6718
23.7288
18.9102
15.2466
12.416
10.2278
8.54123
7.24141
6.23766
5.45985
4.85425
4.37986
4.00551
3.70746
3.46768
3.27245
3.11133
2.97639
2.99559
4.03296
3.30072
3.03195
9.17568
61.7401
33.0726
16.8214
11.2977
8.99121
9.43764
15.755
63.2058
34.2931
22.2099
16.631
13.1639
10.5701
8.59225
7.07409
5.90694
5.00827
4.31453
3.777
3.35848
3.03064
2.77191
2.5659
2.40014
2.26517
2.15377
2.06046
1.98107
1.91244
1.85214
1.79833
1.74963
1.70496
1.83281
3.21574
2.95108
8.63941
6.13681
21.6696
8.89518
4.44149
3.09168
2.54491
2.22333
1.9919
1.81332
1.75801
2.38341
1.9654
1.73024
1.58108
1.46888
1.37894
1.30524
1.24398
1.19235
1.17162
1.3364
1.22679
1.15338
1.09948
1.05506
1.01692
1.03383
1.43184
1.17242
1.05164
0.986523
0.939733
0.901451
0.868734
0.840189
0.862699
1.24711
1.00846
1.0742
2.49
1.50195
1.12176
0.969077
0.881653
0.818243
0.768073
0.727145
0.693174
0.664539
0.640018
0.618682
0.59982
0.582893
0.567488
0.55329
0.540059
0.527613
0.51581
0.504544
0.493731
0.532132
0.940401
0.728672
0.602718
0.545821
0.510892
0.48437
0.462596
0.444188
0.428341
0.414479
0.402163
0.391059
0.380912
0.371526
0.362752
0.686188
3.44622
1.68597
3.35277
1.73382
1.21324
2.90555
1.53143
0.996281
0.775807
0.678457
0.840547
0.674858
0.568552
0.495412
0.440054
0.396781
0.362578
0.335324
0.313399
0.29685
0.293556
0.279258
0.266598
0.255727
0.246321
0.238098
0.230818
0.224283
0.218338
0.212862
0.207761
0.766097
5.57313
3.8813
9.61879
10.2765
4.33294
2.3093
1.61577
1.53977
1.35673
2.24287
1.8409
3.54873
3.27677
2.26919
1.70932
1.35656
1.0871
0.879667
1.01542
3.43978
2.27952
1.66797
1.30629
1.04692
0.849031
0.746591
1.06905
0.878953
0.722032
0.600645
0.505587
0.431368
0.373613
0.329703
0.303992
0.412301
3.52306
19.5161
8.49101
6.50876
22.9591
17.6195
12.1895
9.1574
7.07716
6.04948
9.70207
8.29077
6.53232
5.15191
4.06434
3.41015
4.48374
3.69492
3.26418
5.47934
7.81344
8.75572
7.69248
6.22056
4.95976
3.9396
3.13772
2.51703
2.03985
3.2078
15.9519
8.72795
8.68564
9.36994
26.0296
32.7808
22.8449
17.067
13.199
10.3261
8.35609
6.62035
5.25937
4.25316
4.67607
13.7782
33.6311
36.502
29.9529
35.2608
62.8793
52.0098
52.6046
65.4119
90.9385
83.0776
69.3703
53.0106
47.9408
36.7325
28.9741
27.6235
22.4123
17.9554
14.4107
11.5911
13.8478
50.646
34.356
23.5939
24.7958
23.7518
19.3874
15.5075
12.4852
10.1264
8.29598
6.88279
5.96166
6.58338
5.45042
6.00288
17.4508
15.1238
10.0888
8.85805
7.10026
5.87612
4.98648
4.83338
10.6701
22.5523
17.2619
23.9801
17.9877
15.8321
12.3021
12.092
31.7785
42.1722
30.588
22.2029
17.1583
13.6163
11.1831
10.1625
17.8185
21.063
95.0054
46.2238
27.35
19.6264
15.2032
12.0858
9.73879
8.01705
7.30368
6.34105
5.33873
4.56559
4.54717
9.03275
6.06222
4.67727
3.94319
5.73111
24.5663
11.3074
7.28959
12.2107
8.32895
6.35806
5.19851
4.36807
3.79331
3.8306
6.44903
32.7711
23.431
81.9972
41.4623
25.4002
18.5064
16.9874
37.7237
52.6019
33.9842
37.2193
51.1799
35.1137
26.1191
20.3295
16.1135
18.9348
72.2091
131.621
206.151
92.1985
51.5521
35.1603
26.6544
21.5758
18.7252
29.3102
26.24
20.0929
15.9342
12.8533
10.4772
8.63856
7.2192
6.32864
7.24123
5.8193
6.61598
20.1454
10.2379
6.5385
5.13779
4.38719
3.86876
3.47461
3.16582
2.92073
2.77694
3.07298
2.88164
3.76211
3.00898
2.67063
2.52713
2.34452
2.20928
2.10183
2.0124
1.93619
2.19862
5.0661
4.56588
2.92315
2.3291
2.07761
1.9251
1.81092
1.71869
1.64216
1.81901
3.78068
2.39841
2.28989
5.77964
4.99046
2.91285
2.18145
10.5334
81.7624
28.2101
10.6114
5.79116
4.15654
3.44192
3.83511
4.72999
17.7721
9.65938
6.317
4.91831
5.35858
8.37409
10.9208
52.1219
33.4897
21.2413
15.3721
11.8494
9.32246
7.40749
5.956
4.96217
4.08739
3.40249
2.87205
2.46167
2.14366
1.89633
1.70296
1.55074
1.54271
2.48989
2.61208
1.9886
1.67873
1.49391
1.36067
1.26342
1.18348
1.11333
1.05508
1.00642
0.965272
0.929958
0.899182
0.871942
0.847466
0.825169
0.804601
0.78542
0.767363
0.750232
0.733871
0.718163
0.703016
0.688361
0.674141
0.660315
0.646847
0.633711
0.620886
0.608354
0.5961
0.584111
0.572379
0.995136
4.72854
3.08331
1.55886
1.05962
0.869859
0.765528
0.692251
0.635818
0.590973
0.554765
0.525135
0.996895
5.12901
2.17486
1.15977
0.843803
0.708909
0.626306
0.565757
0.518623
0.481125
0.450896
0.426214
0.405784
0.38862
0.37397
0.362562
0.362735
0.839547
4.92472
1.99538
1.00608
0.700658
0.574775
0.499826
1.32108
8.59574
3.31111
1.51605
0.975047
0.756466
0.713932
1.39146
1.35834
2.17413
8.35314
5.95441
3.13081
2.8708
5.41195
3.53467
2.52544
2.12353
3.24298
2.47754
1.94145
3.7461
22.1329
12.2782
10.9071
11.1251
9.42542
11.4472
13.6456
23.4209
21.8035
18.5445
22.2923
25.0934
19.5173
15.2376
11.936
9.35777
7.3602
5.82422
4.64776
3.74773
3.05892
2.53107
2.12573
1.81362
1.57245
1.38527
1.23922
1.12449
1.03364
0.961011
0.902306
0.854251
0.81436
0.78074
0.751952
0.726902
0.704755
0.684877
0.666785
0.650109
0.634569
0.62005
1.20981
6.29819
3.26157
3.78001
19.8801
35.8578
44.0277
28.6929
19.9956
15.9871
12.5283
11.2566
19.9081
20.7399
15.975
12.4882
9.83731
7.7759
6.59377
8.96279
6.83231
5.77495
4.68535
3.8754
3.65377
3.08269
3.12681
8.12781
13.0727
10.218
10.1195
7.83757
6.18465
5.01565
4.60856
4.80233
14.5993
27.4695
28.6724
43.9996
56.1729
65.2619
45.9594
31.9198
23.9663
18.5556
14.5389
11.4828
9.73559
12.4521
9.80867
7.70599
6.23752
5.1321
4.28024
3.90513
5.86387
5.03734
7.51011
9.04342
24.3543
17.2816
13.6707
10.7705
8.87114
7.19133
5.85724
4.81842
4.01539
3.39589
2.91749
4.232
22.6006
51.269
27.764
23.026
27.6008
29.4063
22.1699
19.1661
32.9125
28.8014
21.5858
20.4973
16.0859
12.738
10.1776
10.9821
33.1959
19.6935
15.1202
17.9998
21.0819
24.4028
24.6291
35.7094
37.4827
27.3485
21.4501
16.7972
13.317
14.2856
43.1591
25.3657
17.2265
15.4064
38.1448
78.6262
44.1241
32.1084
49.0041
32.3577
23.5983
18.3142
14.5319
11.6658
9.46989
10.857
39.8082
62.4056
56.9211
34.7905
24.8696
30.0404
112.966
98.0655
108.741
208.058
98.5376
62.768
54.1773
40.5962
31.5335
24.9062
51.8534
320.59
170.231
79.7942
129.003
341.664
206.268
147.71
93.4877
67.4424
60.1865
68.0681
49.2116
37.6383
29.7296
23.8048
19.292
16.0595
13.3111
21.0629
102.083
43.2869
22.5456
15.6308
13.9264
24.9085
18.4092
20.191
19.7552
18.7536
15.4691
12.8299
10.7929
9.51535
8.21699
7.15549
6.32335
5.66974
5.91629
13.1196
19.047
13.7078
10.1162
8.27924
10.6774
39.4347
24.6025
17.6086
21.9445
50.781
69.6785
82.564
51.9268
60.5343
45.9316
33.4921
25.8885
20.5302
16.4948
13.4068
11.0372
9.21676
7.8283
6.8584
6.0044
5.33083
4.80122
4.38272
4.04959
3.78189
3.56431
3.38514
3.23544
3.10841
3.01633
3.07283
2.94248
2.83418
2.74193
2.6601
2.5862
2.89404
6.23831
6.75244
9.2636
6.44159
5.74837
4.27877
3.58591
3.1786
2.88968
2.79069
3.76062
6.7682
4.41317
3.42054
2.95081
2.64837
2.42091
2.24115
2.09648
1.97858
1.88123
1.79967
1.73029
1.6703
1.6176
1.84638
4.14844
3.1013
7.25707
24.8159
10.0181
4.99418
3.4416
2.78763
2.39337
2.10835
2.36682
6.2613
4.13008
4.67772
4.14811
3.28306
2.73205
2.33749
2.03555
1.80029
1.62866
2.33237
9.58755
15.5944
10.3223
27.549
43.3234
28.4438
29.8064
22.3291
17.2505
13.5281
10.8083
9.88447
8.24959
7.1451
11.1153
16.3014
13.0875
10.4996
8.44637
6.8077
5.52108
4.52337
3.75408
3.84958
9.44438
7.63001
6.0761
10.5127
8.4462
6.75163
5.48725
4.4975
3.72213
3.12013
2.66016
2.29921
2.10466
3.38116
9.3493
6.63028
6.37547
5.10212
4.15416
3.4303
2.86759
2.43044
2.0914
1.82821
1.6232
1.46265
1.33603
1.23531
1.15435
1.08852
1.03426
0.988885
0.950343
0.917074
0.887894
0.877649
0.994709
0.961209
1.43565
5.7326
3.51944
2.53432
2.42233
5.75004
7.43816
5.06273
3.8288
3.66161
8.79143
21.5425
19.416
15.6849
12.0862
9.45327
7.44212
5.89047
4.69696
3.78171
3.08056
2.54312
2.13049
1.89697
3.08156
8.69977
6.13599
4.58701
6.23002
18.3444
17.3464
13.5274
12.0416
9.67153
12.1813
49.0427
28.9648
20.8901
30.8486
29.3404
21.7635
16.7739
13.1327
10.3719
8.43388
6.78749
5.51952
7.2664
28.242
20.8023
14.7622
11.3285
8.9517
7.15543
5.77463
4.71292
3.89723
3.27018
3.27696
7.62815
10.502
13.2699
14.1909
13.2633
28.5795
31.2774
23.958
18.1376
14.8531
15.4211
12.8077
10.37
8.3524
6.83743
6.37553
5.29544
4.40275
3.69981
3.15127
2.72476
2.50995
3.79389
7.76339
5.31239
4.06572
3.35179
2.99962
6.04158
23.369
16.9557
22.136
18.1868
18.9188
20.2458
30.4643
31.4322
23.4709
18.1463
14.2698
11.4528
12.1287
24.233
24.1277
46.1994
30.8351
22.623
17.9358
14.6082
15.9594
13.5705
10.9401
8.84588
7.20092
5.92034
4.96313
4.49481
3.86944
3.35665
2.95053
2.63071
2.37871
2.17919
2.02449
2.87907
10.7129
5.52885
19.7096
153.939
59.3324
26.5976
24.5084
18.0642
14.0192
14.4078
40.6073
27.0811
18.6941
20.4529
20.2156
16.0164
12.7562
10.2167
8.23105
6.69091
5.50335
4.58956
3.88599
3.34303
2.92248
2.59521
2.33899
2.33802
12.5402
115.894
333.374
137.977
106.404
342.76
148.836
68.2592
52.0521
127.68
75.0241
45.4214
32.6337
27.2758
22.2665
21.0478
17.7513
14.4132
13.2174
24.0743
17.8276
14.6922
11.8699
9.7151
8.04505
6.74894
5.74512
4.96763
4.36394
3.89312
3.52369
3.24652
3.14436
3.00807
4.34925
10.5536
6.00827
5.29678
4.10546
4.71035
14.5652
7.64573
5.02445
4.48638
8.00955
5.15617
3.91545
3.31047
2.9181
2.62499
2.7119
5.20192
3.43872
2.74178
2.73177
2.39532
2.16649
1.99745
1.86369
1.75509
1.66564
1.59095
1.53333
1.52867
1.46889
1.41661
1.37094
1.3302
1.29822
1.33078
1.75305
3.88898
3.06277
2.3298
2.34743
7.92991
14.5858
6.25758
3.41945
2.48465
2.0528
1.91384
4.1514
14.0684
6.31975
3.55349
4.35202
18.6803
10.9112
26.9884
18.5558
11.836
9.34006
7.21339
5.70623
4.57659
3.7132
3.04941
2.53923
2.14722
1.84426
1.60962
1.42709
1.28428
1.30093
3.06253
8.76032
4.70027
3.08691
2.39522
1.98243
1.68524
1.45835
1.28239
1.14505
1.03718
0.962592
0.989499
0.923434
0.91523
0.875185
1.00289
0.906977
0.837599
0.829011
0.77403
0.725383
0.684553
0.650464
0.622496
0.971054
4.11354
2.29676
2.18305
5.20692
2.86442
1.91392
1.49257
1.23624
1.05081
0.909198
0.799422
0.713758
0.646494
0.593278
0.55079
0.5165
0.48848
0.465267
0.445744
0.429064
0.414581
0.401804
0.390359
0.379961
0.370393
0.361489
0.353122
0.345195
0.337634
0.330383
0.323396
0.316743
0.311108
0.304601
0.831352
5.28357
2.10427
1.02305
0.696135
0.56763
0.53705
0.686902
2.02119
1.36044
0.930613
1.36155
5.91838
6.86637
3.30298
1.99199
1.45362
1.33045
4.35369
17.3017
9.69765
18.1191
16.7431
14.7449
11.2186
8.70821
7.20344
9.39896
8.34812
7.40499
10.688
10.1476
8.21781
6.52977
5.16264
4.08907
3.27378
2.65547
2.163
1.78069
1.51979
1.59667
1.39916
3.57915
23.5647
13.8058
9.3716
7.0872
5.54034
4.37678
3.48401
3.15336
6.12155
8.23495
5.99344
4.61297
3.66735
2.96906
2.41668
2.28968
4.82155
5.98191
6.71486
19.1346
29.5086
20.9104
16.4559
19.7565
19.7383
16.8631
13.2838
10.4529
8.24253
6.52933
5.21076
4.19963
3.42504
2.83124
2.37526
2.0242
1.77496
1.76031
1.57572
1.67517
4.5611
9.86256
6.63134
4.65483
3.62356
4.30355
15.6344
11.3356
10.302
9.07735
9.18601
7.63067
6.50663
5.28644
4.27664
3.47942
2.86047
2.38291
2.09218
2.48881
2.12046
1.81499
1.57582
1.38705
2.76056
16.3123
15.2809
9.12101
6.58617
5.10493
6.69303
29.8655
33.946
44.5179
29.4051
21.4364
16.476
12.8535
10.6529
13.6993
14.1767
24.4582
18.2319
14.1091
11.5834
16.0028
38.2336
25.5443
18.568
14.3573
11.3106
8.9816
7.18974
5.81377
4.75842
6.83865
30.7038
16.514
15.7426
13.2397
36.8971
187.349
105.835
52.9262
42.2438
34.4505
35.2973
28.9789
35.6151
34.3742
59.8368
58.9917
51.4612
40.8992
32.2111
33.7712
82.4882
72.3737
50.7171
43.1479
98.8357
55.5963
36.7188
27.4609
21.4825
17.0954
13.9036
12.5865
10.2561
8.59331
8.63899
12.5571
9.23241
7.1896
6.02641
5.35233
21.7937
156.293
80.1326
38.8189
24.737
23.1227
64.7273
89.5173
50.2617
43.4062
49.0805
47.52
151.791
225.735
104.753
102.334
62.7377
43.963
33.7157
31.4545
53.4838
34.8754
25.4295
20.4131
20.6315
16.1603
15.8391
37.456
26.0429
20.832
16.6733
17.5659
49.7665
37.1734
42.2016
55.7482
116.656
184.467
89.9808
56.9382
40.2814
31.125
27.4121
42.3163
151.956
134.867
68.1015
43.7136
39.6535
36.4393
28.9619
23.2559
18.8524
15.4303
12.7897
10.8186
9.22412
7.9892
7.03052
6.28232
5.69471
5.22964
4.85813
4.5581
5.37679
14.0803
7.65766
5.41499
4.75167
4.30386
4.01091
3.78813
3.60659
3.45438
3.56968
5.67995
5.59328
4.29227
3.743
3.44858
3.45526
4.88836
3.73567
3.24239
3.01267
2.94152
2.77567
3.69109
13.0532
18.7021
8.60609
5.47181
6.73171
4.76452
3.86747
3.94064
6.70286
8.75832
6.03571
5.18928
4.46845
5.41477
5.96593
4.50482
3.71229
3.2113
2.84252
2.55632
2.33065
2.15112
2.00696
1.88991
1.79365
1.72402
1.74986
1.66839
1.59117
1.53129
1.48054
1.43576
1.39548
1.35875
1.32487
1.29327
1.26352
1.2353
1.20835
1.18248
1.15754
1.1334
1.10999
1.08722
1.08683
1.26841
1.29977
1.16557
1.09288
1.22143
6.21201
37.3361
37.0684
16.0838
8.99907
6.33118
4.90973
3.93646
3.2087
2.65249
2.3195
2.82008
2.3718
2.00941
1.72925
1.50932
1.33649
1.20061
1.09337
1.15082
2.31385
1.75855
1.45248
1.26388
1.1248
1.01596
0.929583
0.860546
0.804904
0.759567
0.722143
0.6908
0.664138
0.641093
0.620852
0.602796
0.586454
0.571468
0.557563
0.54453
0.740991
2.4975
1.44608
1.03037
0.856763
0.754357
0.679967
0.622046
0.575954
0.538829
0.508575
0.483594
0.462665
0.444855
0.429454
0.415923
0.403848
0.392916
0.382888
0.374372
0.37263
0.363072
0.353857
0.345217
0.337079
0.32938
0.322058
0.315055
0.308327
0.301835
0.295551
0.289453
0.411584
2.21728
7.66577
3.19246
1.47785
0.947847
0.732909
0.607619
0.5187
0.451269
0.399079
0.358313
0.326229
0.300765
0.280356
0.263808
0.250217
0.238894
0.229313
0.221077
0.213881
0.207496
0.268185
1.49175
6.71741
2.53894
1.1425
0.883601
2.06104
7.10022
5.97959
13.3427
6.90805
4.47106
8.48471
7.75029
6.57048
11.4538
11.7021
9.33043
8.6959
13.0467
11.2478
8.96354
7.06828
5.54932
4.35902
3.43937
2.73371
2.19365
1.78045
1.46402
1.22127
1.03556
0.927462
1.05788
0.938894
0.823517
0.727366
0.649754
0.587887
0.538661
0.512851
0.776495
2.61379
5.09701
3.06474
2.15338
1.79513
2.21062
2.18634
2.47989
1.91605
1.52665
1.24647
1.03328
0.868801
0.741636
0.643159
0.566652
0.506925
0.459999
0.657189
4.72994
21.5433
11.0468
5.83178
3.85977
2.93978
3.88068
18.322
55.7069
37.9283
56.4108
58.3816
49.597
54.0714
41.0525
30.3719
24.3976
30.9194
36.028
46.0047
57.041
65.2239
63.6008
43.0923
35.2367
42.9275
32.5765
25.2837
19.9024
15.7534
12.6901
12.8635
22.4942
17.1893
25.8331
19.7596
15.5691
12.4977
10.1218
8.49361
8.89324
11.436
47.4074
197.525
82.3782
41.4349
27.3223
20.4772
16.0226
12.7562
10.2805
8.44978
8.14548
12.4276
11.6565
8.22345
6.87183
13.4165
46.3858
24.7657
17.8249
21.5064
16.2126
12.7415
10.3792
9.50513
7.71789
6.37023
5.40377
5.998
12.9765
8.33063
6.40921
6.64787
5.45181
4.58596
3.93995
3.43952
3.04814
2.78776
2.95831
2.67844
2.44255
2.25698
2.21391
3.41981
9.43717
11.0444
25.5334
32.9282
68.601
45.5472
29.4581
22.6742
17.6406
15.1295
19.2631
14.5109
11.2301
8.9767
7.31437
6.01748
12.2297
71.8534
58.6309
254.192
120.769
55.8643
35.2794
44.6183
165.669
133.937
90.835
57.4332
57.7669
164.921
477.3
544.17
262.064
110.715
67.3072
58.1857
117.168
69.4722
49.5383
68.7829
102.419
79.4331
52.2311
43.649
54.3921
54.5213
39.6288
30.5903
24.6537
20.9929
17.5667
17.0009
13.9254
11.9596
10.2
9.28127
8.03334
7.07053
6.32485
5.75817
5.28698
4.90842
4.60962
4.42417
4.20493
4.01845
3.86403
3.72525
3.60543
3.50566
3.44427
4.48974
12.7951
23.212
10.9311
6.73146
5.70961
6.45851
10.8054
31.8083
16.4899
10.5802
8.60822
9.287
10.0377
7.57643
6.19235
5.54792
5.23527
5.7467
16.3716
36.0081
21.0522
14.5431
11.2743
9.10067
7.4761
6.22851
5.33638
5.20361
4.4189
3.84503
3.41301
3.07608
2.88789
4.22145
11.5308
10.0167
6.00907
4.44615
3.70004
3.21993
2.92734
3.05543
2.71006
2.44774
2.24569
2.08428
1.95346
1.84635
1.7576
1.68302
1.61938
1.5642
1.5156
1.47212
1.73971
7.32147
33.6247
38.2229
26.6357
17.1986
15.8029
12.8724
10.3406
8.2948
6.67795
5.42024
4.44985
3.7032
3.1285
2.68519
2.34205
2.07521
1.86651
1.7021
1.57692
1.52304
1.52028
2.01247
1.74785
1.5682
1.45974
1.66792
2.69198
2.12011
1.79493
1.58706
1.43108
1.30794
1.21866
1.32401
2.31499
3.41209
2.37025
1.87283
1.59643
1.40318
1.26886
1.27178
1.14231
1.03878
0.962321
0.902016
0.85291
0.812223
0.778001
0.752578
0.817013
1.27717
1.51108
4.9331
2.64618
1.75667
1.44035
2.11369
6.3527
8.1876
4.32771
2.82727
2.16331
1.75901
1.46725
1.24535
1.07423
0.941539
0.838136
0.757078
0.694141
0.652796
0.611234
0.575999
0.546579
0.5219
0.500965
0.482953
0.467214
0.453248
0.44067
0.429186
0.418573
0.408659
0.399314
0.390437
