呈村流域    //流域名称
290    //流域控制面积，km2
10     //雨量站个数
1       //蒸发站个数
20     //单元流域个数
5.01	5.11	8.94	31.35	8.22	8.59	25.2	13.25	19.46	0.1	16.8	12.41	20.01	22.21	8.54	5.34	26.03	25.17	8.88	18.49   //各单元流域面积，km2
1	0	0	0	0	0	0	0	0	0      //各单元流域对应各雨量站比例，按泰森多边形分配
1	0	0	0	0	0	0	0	0	0
1	0	0	0	0	0	0	0	0	0
0.25413	0	0.28847	0.4574	0	0	0	0	0	0
0	0	0	0.89758	0.10242	0	0	0	0	0
0	0	0	0.30094	0.0728	0.62627	0	0	0	0
0	0	0	0	0.16735	0.15352	0.67914	0	0	0
0	0	0	0	0	0.10548	0.89452	0	0	0
0	0	0	0.1076	0.8924	0	0	0	0	0
0	0	0	0	0	0	0	1	0	0
0	0	0	0	0	0	0	0.898	0.102	0
0	0	0	0	0	0	0.4921	0.5079	0	0
0	0	0.61176	0.13341	0	0.14585	0.03592	0.07305	0	0
0.53392	0.40585	0.06023	0	0	0	0	0	0	0
0	0.50409	0.49585	0	0	0	0	0	0.00006	0
0	1	0	0	0	0	0	0	0	0
0	0.20274	0.02883	0	0	0	0	0.0573	0.71113	0
0	0.3858	0	0	0	0	0	0	0.22755	0.38665
0	0	0	0	0	0	0	0	0	1
0	0	0	0	0	0	0	0	0	1
1    //各单元流域对应各蒸发站比例，按泰森多边形分配
1
1
1
1
1
1
1
1
1
1
1
1
1
1
1
1
1
1
1
呈村 汪村 樟源口 棣甸 董坑坞 用功城 左龙 冯村 田里 大连   //雨量站点名称
流域蒸发   //蒸发站点名称